1:
  latitude: 35.935180386666666
  longitude: 126.92529372833333
2:
  latitude: 35.935187115
  longitude: 126.92516670166667
